-0.836088 
-0.781933 
-1.374265 
-2.580449 
-1.736960 
-2.402675 
-1.794635 
-0.038893 
0.066668 
0.685412 
1.361718 
0.920592 
-1.264371 
-3.600178 
-2.767745 
-1.646833 
-3.073228 
-2.198126 
2.000234 
3.222599 
0.528200 
-1.075447 
-1.551093 
-2.472265 
-3.674075 
-5.948264 
-6.037913 
-3.590863 
-0.741388 
-0.525471 
-0.521927 
-1.242060 
-2.162467 
-1.844208 
-0.070958 
0.265357 
-0.983910 
-1.574543 
0.419867 
2.713794 
3.599751 
3.649689 
1.962329 
-0.193998 
0.123534 
1.446364 
0.225748 
-0.662934 
0.070757 
0.513609 
-1.466539 
-3.112831 
-3.115349 
-2.713529 
-1.438170 
-1.155039 
-2.620344 
-0.643835 
0.796697 
1.527115 
3.013867 
2.898861 
1.182041 
0.140943 
-0.628770 
-0.878739 
0.045696 
1.612000 
3.789653 
4.958048 
5.602240 
3.049566 
-0.164053 
-1.406165 
-0.645925 
-0.252698 
-0.946051 
1.948321 
2.672274 
1.305097 
0.627014 
0.313855 
1.971304 
1.569305 
-1.345604 
-2.075079 
-0.221293 
-0.444088 
-1.261390 
-1.585833 
-0.897389 
-0.005400 
-0.626989 
-1.677295 
-0.886578 
-0.790028 
-3.627406 
-4.326829 
-1.285706 
-0.828322 
-1.447729 
-0.422766 
0.393464 
-0.214641 
-0.295557 
0.691802 
1.447608 
0.422129 
-1.379875 
-3.374332 
-2.335426 
-1.281207 
-0.523471 
0.972065 
3.318046 
4.065738 
3.425556 
1.241185 
-1.340117 
-0.812433 
-1.483051 
-3.970024 
-3.426585 
-2.503490 
-2.732528 
-2.153675 
-1.415805 
-0.952324 
-1.118931 
-2.307244 
-2.650484 
-0.959972 
-0.313014 
-1.142975 
0.062041 
0.315824 
-0.466635 
0.773085 
1.767696 
1.154501 
0.442931 
0.349443 
1.514332 
1.828024 
1.972409 
1.733345 
0.641516 
-0.552626 
0.146529 
-0.521186 
-3.005663 
-2.517813 
-0.671495 
-0.185191 
0.966602 
3.164475 
3.900889 
3.826388 
3.200828 
0.557184 
-1.563904 
0.011647 
1.957743 
0.619332 
-0.538875 
-0.560865 
-0.107673 
0.517729 
0.251534 
1.676379 
3.150767 
1.967123 
0.664492 
-0.145348 
-0.957603 
-1.519715 
-3.250066 
-3.757608 
-2.137128 
-2.190176 
-1.539301 
-2.835721 
-3.538059 
-1.504985 
-3.275649 
-2.277967 
0.085833 
-0.080333 
-2.082777 
-1.141427 
0.797985 
0.774139 
2.659749 
1.405299 
-2.356971 
0.049379 
3.170873 
1.355309 
-0.583714 
-0.456891 
0.863448 
2.387892 
1.153854 
0.437097 
0.817262 
-0.317816 
-1.157369 
0.498065 
0.721344 
-1.386717 
-1.392284 
-0.028115 
-1.497373 
-1.541433 
-0.034883 
0.474563 
1.229637 
1.503233 
0.203942 
-1.583339 
-1.476586 
-0.774680 
-0.799713 
-0.712473 
1.738490 
2.174992 
-0.235101 
-0.949497 
-0.781399 
0.851939 
2.071444 
-0.801991 
-4.648701 
-5.167461 
-1.987897 
-1.778348 
-2.256190 
-1.929220 
-2.870091 
-1.611156 
-1.631250 
-1.902007 
1.048659 
4.093372 
4.586024 
1.895315 
-1.155891 
-0.583865 
0.845739 
0.003734 
-1.658173 
-0.549694 
1.150551 
1.582643 
1.967963 
2.757760 
4.243069 
4.180424 
2.822888 
3.771115 
3.235457 
1.188959 
-0.173953 
-0.494902 
1.242386 
2.347192 
2.640860 
2.201112 
0.315123 
0.334726 
3.270050 
3.957436 
1.475854 
-0.257660 
0.249492 
0.074422 
-0.129680 
-0.170032 
1.639219 
3.503664 
2.544308 
0.676684 
0.686775 
1.708062 
0.840405 
-0.341137 
0.058896 
-0.440126 
-1.325732 
-0.167773 
1.590938 
1.196461 
0.446830 
1.448696 
0.241362 
0.589904 
0.833171 
0.650023 
2.956504 
2.429459 
1.508549 
1.634679 
-1.172990 
-4.582140 
-4.941221 
-2.136554 
-1.028213 
-2.417370 
-2.566901 
-1.616532 
0.224580 
1.301169 
0.077292 
-0.143605 
0.268743 
-1.396442 
-0.922618 
-1.819265 
-2.616308 
-1.392937 
0.374440 
0.828264 
-0.522068 
-1.016406 
1.072455 
2.417124 
1.548092 
1.514665 
1.396220 
2.462116 
3.191494 
2.376197 
1.857111 
1.841424 
1.954595 
0.640465 
1.097493 
3.406378 
3.277459 
0.406024 
0.461012 
1.023018 
0.710248 
0.532130 
-1.094559 
-2.080961 
-3.265359 
-2.067210 
1.251065 
2.470262 
2.131478 
2.601020 
2.588396 
1.334774 
2.009659 
2.870040 
2.032159 
0.848812 
-0.566717 
-0.544854 
0.581121 
-0.172638 
-0.545419 
0.808660 
1.880145 
1.201795 
1.165342 
2.571202 
3.650629 
2.155975 
-1.657184 
-2.376946 
-2.911484 
-2.282339 
-0.181074 
-0.536648 
-1.565357 
-1.281297 
0.097153 
0.831846 
2.550776 
2.687719 
1.954247 
-0.108063 
0.165835 
1.849448 
-0.269598 
-1.650606 
-1.086163 
-0.050031 
0.405699 
0.642863 
1.253056 
2.286718 
4.089268 
3.355852 
1.855273 
0.823925 
0.856416 
2.223206 
1.739611 
1.666067 
2.014451 
-0.801437 
-3.192739 
-4.058472 
-4.543841 
-3.276568 
-2.407440 
-1.992083 
-0.921756 
-0.969955 
-0.363894 
1.233942 
2.238586 
2.137581 
0.875778 
0.858612 
1.344690 
-0.038488 
-1.324581 
-0.525724 
0.422207 
-2.267071 
-0.243266 
4.607993 
4.895570 
2.517915 
1.050473 
-0.522757 
-0.113319 
-0.365468 
-1.623227 
-1.067590 
0.039851 
-1.951263 
-6.929028 
-6.052366 
-2.727592 
-2.948012 
-2.847505 
0.177921 
3.469799 
3.877108 
3.317918 
1.252195 
-3.048064 
-3.349057 
-2.969722 
-4.532587 
-3.101933 
-1.608112 
-1.833145 
-4.836498 
-5.092388 
-3.555073 
-2.487351 
-2.527792 
-2.396079 
-1.599316 
-0.906561 
0.461873 
-0.016933 
-0.562526 
-1.027909 
-0.619764 
-0.395843 
-1.124965 
-0.613475 
0.433507 
0.220835 
1.230184 
2.069166 
0.951871 
-0.121460 
-1.107145 
0.577957 
3.111147 
4.066471 
3.745776 
1.483274 
-2.473895 
-3.276654 
-2.896669 
-1.151206 
0.195527 
-0.469328 
-0.097118 
0.007517 
-2.491995 
-0.647247 
-0.250473 
-0.846607 
0.577547 
1.007059 
2.800127 
3.443506 
2.569455 
0.636516 
1.418199 
3.176442 
2.077061 
-0.686026 
-2.646124 
-3.500515 
-1.644418 
0.192645 
-1.304603 
-2.421057 
-1.293292 
0.348077 
-1.033468 
-2.041953 
-1.198780 
-0.872718 
-2.044079 
-1.880952 
0.586235 
1.198086 
-1.342824 
-2.239943 
-0.407223 
1.252056 
0.801623 
0.280713 
-0.033689 
-0.914841 
-0.986995 
0.062965 
0.039902 
-1.226694 
-1.694615 
-0.717944 
0.411517 
1.378667 
0.254340 
-2.869607 
-3.532883 
-1.692647 
-1.119168 
-0.991492 
-0.309144 
0.154881 
-0.167524 
1.771171 
4.208679 
3.071625 
2.875966 
2.667855 
-0.508287 
0.353052 
2.197426 
0.404752 
0.041227 
0.198262 
0.412806 
1.745567 
2.139870 
1.847936 
1.084611 
1.729695 
1.387707 
2.069237 
1.407055 
0.102416 
-0.235361 
-0.703523 
0.089019 
2.265137 
3.651510 
2.728121 
1.199734 
-0.153573 
0.059241 
0.177843 
0.558287 
1.039650 
0.388576 
1.714196 
0.241770 
-2.348556 
-1.913788 
-2.822038 
-4.068316 
-3.554149 
-2.927284 
-1.017362 
0.527348 
1.526753 
0.373542 
-1.661807 
-0.627173 
1.050730 
0.684876 
-0.149921 
-0.412800 
-0.332496 
-0.068856 
1.359712 
1.054593 
0.834313 
1.523202 
2.454033 
3.669111 
3.118463 
1.009019 
-0.271479 
-1.993970 
-0.588984 
0.634576 
0.075842 
-0.161414 
-0.630547 
-0.509762 
-0.252204 
-0.019168 
0.871272 
1.909483 
2.514963 
1.920465 
0.636245 
-0.271885 
-2.327508 
-1.414284 
-0.542981 
-1.505729 
-1.724605 
-0.675706 
-1.522682 
-1.200436 
0.081054 
-0.612706 
0.072005 
0.304204 
0.033658 
-0.228869 
-0.697518 
-0.382629 
-0.780614 
0.597195 
2.934767 
2.767118 
1.666489 
1.613733 
1.481703 
1.201556 
0.854675 
1.128144 
1.806089 
2.907513 
2.604106 
1.571544 
2.562691 
2.714160 
0.429625 
-0.660275 
-2.096638 
-1.776500 
-1.889355 
-2.732191 
-1.209304 
1.152393 
1.186207 
1.952750 
3.078041 
2.238480 
0.797110 
-0.171315 
-0.750221 
1.134624 
0.853453 
0.090665 
-0.843685 
-0.994456 
-1.353889 
-2.104234 
-0.565940 
-0.601534 
-1.789144 
0.024368 
0.798361 
-2.242368 
-1.840511 
-2.001894 
0.191142 
3.794352 
2.388570 
-1.092067 
-1.132823 
-0.659163 
-0.394393 
1.943204 
2.399795 
0.431633 
-0.018452 
2.246387 
3.014228 
1.725872 
1.749723 
1.078757 
-0.128722 
0.480849 
1.281413 
0.937436 
-0.176230 
-1.203825 
-0.512710 
1.126079 
-0.007286 
-1.827077 
-0.862784 
-0.884192 
-1.916235 
0.732294 
2.340232 
1.500167 
0.739872 
-1.076445 
-2.031311 
-2.628670 
-2.404982 
-3.062778 
-1.639149 
-0.949838 
-1.759132 
-2.645698 
-2.862504 
-3.096528 
-3.086286 
0.290882 
1.169311 
-1.448443 
-1.868449 
-0.408787 
0.017343 
-0.642690 
-1.068637 
-0.224979 
1.248581 
1.580942 
0.751622 
0.466125 
1.960962 
0.510340 
0.472542 
1.438715 
0.309059 
-0.521524 
-1.249715 
-1.678106 
-0.270738 
0.774463 
0.118751 
0.255207 
1.806091 
3.316084 
1.828767 
2.430798 
3.164526 
2.335194 
2.627699 
1.821578 
1.542343 
1.267194 
-1.520651 
-1.692371 
-1.352911 
-2.519686 
-1.388086 
0.837144 
2.062432 
1.094196 
0.316757 
-0.578974 
-2.490451 
-2.730986 
-3.261857 
-1.160950 
0.325305 
-0.563909 
-2.366339 
-2.721948 
-2.075537 
-1.898768 
-0.757603 
-0.081190 
0.883425 
0.687185 
0.381603 
0.549033 
-0.638867 
-2.910546 
-4.481764 
-2.931170 
-1.717494 
-1.173578 
-1.421365 
-1.286606 
1.089932 
2.681581 
3.282945 
1.693234 
1.598334 
1.895237 
1.904790 
2.047113 
0.569338 
0.264716 
0.258862 
1.989025 
2.009562 
-1.261808 
-1.567904 
-1.111380 
-0.796189 
-1.959016 
-2.898406 
-2.777580 
-1.939600 
-0.837422 
-0.360489 
-1.123124 
-3.077381 
-0.840618 
0.828546 
0.244073 
-0.356518 
-0.615584 
-0.285336 
-0.400239 
0.560616 
0.466268 
0.110982 
0.077235 
-0.341152 
-0.689466 
0.017092 
-0.978161 
-1.630680 
-0.072223 
0.772497 
2.032314 
3.035820 
1.149378 
0.732763 
1.750804 
0.753108 
-0.904958 
0.060956 
0.859787 
-0.085939 
-1.838364 
-2.568367 
-4.341012 
-3.407363 
-2.743094 
-3.076149 
-1.090342 
0.425678 
1.020593 
1.034636 
-0.227688 
1.124366 
3.466657 
2.083966 
-0.684897 
0.376964 
2.689860 
3.480740 
1.468782 
-1.052052 
1.367011 
2.258744 
1.843421 
1.613411 
1.192220 
1.243261 
0.049014 
-2.717860 
-2.167215 
-0.761779 
-1.150911 
0.490405 
0.702219 
-1.515341 
-1.423873 
-1.540562 
-0.307288 
-1.053287 
-4.503511 
-5.271527 
-4.452311 
-3.146186 
-1.380287 
-0.063054 
-0.061716 
0.196556 
-1.474325 
-1.039751 
-0.387458 
-0.863705 
-1.158785 
-1.011498 
0.480752 
0.883869 
0.366198 
-0.578844 
-0.682073 
-0.775939 
-0.612920 
0.339624 
0.838381 
1.327252 
0.773117 
1.576459 
3.946679 
5.096757 
4.257619 
2.082826 
2.646111 
3.282536 
2.310635 
1.869933 
1.389811 
0.977730 
-0.320707 
-0.067512 
0.550143 
0.582789 
-0.749635 
-1.439540 
-1.171856 
-1.856069 
-1.812119 
-0.431154 
-0.566150 
-0.632153 
-1.150049 
-1.090229 
-2.209703 
0.513484 
2.071132 
-1.539360 
-2.393352 
-1.216206 
1.171714 
2.744823 
1.172728 
-1.564343 
-1.437522 
0.129570 
2.453729 
3.079344 
0.498376 
-0.010261 
0.406507 
0.568206 
-0.277670 
-1.532345 
-1.864725 
-2.193585 
-1.904748 
-1.271567 
-0.161738 
2.430957 
2.443406 
0.721889 
0.379731 
0.192918 
-0.290121 
0.069543 
0.013178 
-1.495296 
-2.276132 
-1.568123 
-1.977105 
-2.641129 
-2.079898 
-1.375221 
-0.921926 
-1.892318 
-1.822089 
-0.909952 
-1.923196 
-2.029074 
0.173854 
1.302327 
0.925507 
-0.508934 
-1.245729 
1.098499 
3.301287 
1.713638 
0.388125 
0.931525 
0.634563 
0.036467 
0.044502 
-0.188023 
-1.288341 
-1.372993 
0.870847 
1.404336 
2.406122 
3.185192 
0.249200 
-0.970875 
-1.767422 
-1.589149 
-0.983099 
-0.625041 
1.266127 
2.130953 
0.984251 
0.207779 
-0.283394 
-0.799146 
-0.073168 
1.143797 
-0.767901 
-1.977074 
0.369096 
0.841448 
-0.559017 
1.349187 
3.289735 
2.333344 
2.147572 
3.353592 
0.948175 
-1.596182 
0.673628 
2.370302 
0.105205 
-1.257351 
0.245666 
0.583770 
1.158837 
2.763590 
3.604778 
3.253027 
1.491079 
-1.167748 
-2.688998 
-1.909478 
-2.334911 
-2.150857 
-0.771936 
0.032951 
-0.108151 
0.027648 
0.737605 
0.432774 
1.061424 
1.231614 
0.891675 
0.851437 
0.745650 
-0.800950 
-1.147218 
-0.855404 
0.292249 
0.493263 
0.950761 
1.535171 
0.894402 
-0.568432 
-2.511427 
-2.162481 
-3.005356 
-3.799236 
-4.740041 
-3.825926 
-2.162741 
-0.361560 
0.408403 
0.216874 
0.873937 
0.895076 
0.568092 
-1.068630 
-0.884015 
1.505028 
2.576328 
1.082644 
0.786085 
1.959611 
3.311239 
1.863355 
-0.300532 
0.815850 
1.421489 
1.214328 
0.054077 
-0.700654 
-0.439531 
-0.179387 
-0.974874 
-1.691319 
-0.216509 
0.824677 
2.014336 
3.072317 
2.344153 
2.301897 
2.408872 
0.760932 
-0.618032 
-0.196610 
1.127776 
1.474012 
-0.293669 
-0.985339 
-0.144524 
0.877516 
-1.036217 
-3.396478 
-4.808131 
-2.888597 
0.277181 
0.864730 
1.807617 
3.052475 
3.461214 
1.704992 
0.496414 
0.720426 
1.847911 
2.396363 
0.483849 
0.446008 
1.042237 
1.672767 
2.682618 
2.973632 
2.619204 
1.707985 
1.413736 
0.113011 
-1.965318 
-1.535530 
-0.838175 
0.156546 
2.474626 
3.947835 
1.815760 
0.787621 
1.324819 
1.473871 
0.630862 
0.120176 
-0.287848 
-0.421999 
-0.176099 
-1.706269 
-1.637507 
0.248793 
0.493773 
-0.086925 
0.803686 
1.489267 
1.830361 
2.106311 
0.755952 
-1.355966 
-0.555920 
0.706456 
0.921058 
1.427837 
3.466554 
5.888077 
3.635910 
0.370114 
0.251631 
0.190524 
0.042148 
-0.089384 
0.553355 
-0.399825 
0.363850 
2.381324 
1.720192 
1.487379 
1.483892 
0.521502 
0.788678 
1.792501 
1.593366 
2.485061 
0.031850 
-2.654771 
-1.947284 
-1.339769 
-3.582823 
-4.645270 
-4.217695 
-4.393309 
-4.390203 
-3.212276 
-1.949629 
-0.983899 
0.636946 
0.191824 
-0.986471 
0.126945 
0.433992 
0.688468 
1.645991 
0.759216 
-0.434652 
1.763738 
2.755359 
0.650187 
-0.700936 
0.236492 
0.616404 
-0.378637 
-0.623028 
-0.687341 
-1.192649 
-0.451231 
-0.247665 
-1.824159 
-2.695577 
-2.400823 
-2.288033 
-1.823671 
0.935495 
3.186725 
1.411382 
-0.076536 
1.237528 
0.844551 
0.559041 
1.772227 
2.226603 
1.362390 
3.491744 
5.310176 
3.813725 
2.572734 
1.959661 
0.513635 
-0.383441 
-0.494544 
1.660212 
3.625716 
2.129295 
-0.292795 
-0.772242 
-0.029467 
0.357269 
0.918880 
1.143196 
-2.080033 
-2.993189 
-2.711223 
-4.271325 
-3.979118 
-2.893776 
-1.596188 
-0.015138 
-0.114779 
-0.924057 
-0.567769 
1.402007 
2.154574 
0.854010 
-1.155265 
-0.671375 
-0.241449 
-2.135106 
-2.450081 
-2.446800 
-2.687268 
-2.324960 
-0.987409 
-1.884904 
-3.346720 
-3.449873 
-2.360939 
-0.845849 
-0.686456 
0.369841 
1.223792 
1.829408 
1.282439 
-0.175135 
0.087106 
0.256136 
-0.751180 
-1.696582 
-1.284932 
0.531871 
2.325146 
2.638414 
2.216679 
1.687669 
1.161724 
0.027050 
-0.550257 
0.212942 
-1.254980 
-0.895160 
0.849551 
0.643238 
-1.047308 
-0.997921 
0.753793 
0.697283 
-0.072748 
1.922718 
4.858668 
4.684550 
3.309485 
3.281908 
2.528754 
1.703724 
1.419131 
-0.049871 
0.469672 
0.495019 
-0.102615 
0.284040 
0.510385 
1.208272 
0.476792 
0.357052 
1.500909 
1.087857 
0.106599 
-1.437900 
-3.394869 
-2.445266 
0.599865 
2.139165 
1.192433 
0.398030 
-0.312434 
0.209340 
2.195258 
2.294595 
0.862368 
-0.096028 
-0.002825 
0.116186 
-1.390137 
-0.846651 
0.790083 
0.722603 
1.013072 
-1.101505 
-3.046295 
-3.137285 
-0.257923 
1.149199 
-0.081235 
1.053293 
0.965973 
-0.683480 
-1.098258 
-1.127479 
-0.764135 
-0.355294 
0.613643 
0.412246 
-0.943507 
-1.748242 
-1.919409 
0.563774 
1.600781 
0.797680 
2.679119 
4.418023 
2.934826 
1.337540 
0.249443 
-1.043639 
-1.146945 
1.128453 
2.186534 
2.703894 
2.194426 
1.592185 
1.378026 
0.988536 
1.780084 
1.934788 
1.393902 
1.226035 
0.661108 
0.555381 
0.593921 
0.768013 
2.423838 
3.390114 
2.602107 
2.327462 
2.764309 
2.653303 
1.930116 
1.736525 
1.864226 
0.172103 
-0.843284 
-0.915284 
-0.412583 
-0.840166 
-0.692796 
-1.446934 
-1.777377 
-1.746647 
-2.925795 
-4.266227 
-4.063322 
-3.448748 
-2.645034 
-2.268373 
-0.991968 
-1.128411 
-1.215374 
-0.506668 
-0.691151 
-1.444486 
-3.447096 
-2.689507 
-0.434161 
1.272491 
1.585798 
0.946228 
-0.407039 
-1.437184 
-2.004264 
-0.543738 
-0.051735 
-2.458217 
-3.261848 
-0.875559 
-0.057400 
-0.616292 
0.699599 
-0.087254 
-0.726543 
-0.291502 
-0.977409 
-0.792726 
-1.282716 
-1.750923 
-0.112161 
0.144785 
-0.829191 
-0.010294 
1.366642 
2.147870 
1.717077 
0.681902 
-0.677334 
-1.379275 
-1.151882 
-0.641214 
0.672001 
-0.716921 
-1.002463 
-0.636612 
0.601944 
1.209634 
1.703346 
2.973545 
1.716992 
-0.939203 
-0.201386 
0.820001 
1.659045 
3.388771 
3.150301 
0.171445 
-1.192677 
-0.313567 
0.808604 
-0.904156 
-2.186105 
-2.794283 
-2.764351 
-2.896906 
-3.243575 
-0.610591 
2.189738 
2.696643 
1.926680 
0.375207 
-2.895221 
-3.051819 
-1.226088 
-0.422633 
-0.460359 
-1.004007 
0.917664 
2.763366 
2.611482 
2.792325 
2.465465 
1.711486 
0.235116 
-1.142452 
-0.612344 
0.910437 
1.545466 
0.705226 
-0.330390 
-0.353373 
-1.243309 
-2.827606 
-2.209129 
-1.412143 
-0.885137 
0.079191 
1.474660 
0.076158 
-1.651988 
0.436508 
1.551693 
1.329405 
0.255394 
0.712211 
0.725783 
0.098359 
0.500610 
2.477970 
3.094647 
2.620289 
3.019521 
2.237733 
1.811940 
2.698367 
3.185858 
3.576577 
3.461615 
2.679736 
1.606622 
1.385691 
1.341947 
0.791825 
0.410023 
-1.123041 
-1.979961 
-2.447873 
-3.545821 
-3.480587 
-1.842834 
-0.840359 
-1.911179 
-3.538010 
-3.763336 
-3.765671 
-3.053484 
-1.048664 
1.480348 
2.607230 
3.267033 
2.158221 
0.456493 
0.695833 
1.771985 
1.787414 
1.043931 
-0.114167 
-0.720567 
-0.857346 
0.208446 
0.347110 
-0.937803 
-1.345138 
-1.221053 
0.456758 
0.115227 
0.306751 
1.937116 
1.265593 
-0.506652 
-1.357967 
-1.777502 
-0.293128 
-0.169742 
-0.861420 
-2.937389 
-5.629716 
-3.084077 
0.099432 
0.545246 
0.076563 
-1.229082 
-2.748674 
-2.710186 
-2.571539 
-1.079577 
-0.632703 
-3.044627 
-4.478230 
-2.604755 
-1.086944 
-1.153247 
-1.066359 
0.580720 
2.459229 
0.232050 
0.273357 
1.070063 
1.519296 
0.423221 
-0.462354 
-0.022139 
-0.675935 
0.731254 
0.297857 
-1.451580 
-3.011001 
-3.102551 
-0.943285 
0.519235 
0.602300 
-1.232914 
-0.933660 
0.940049 
-0.118794 
-2.283755 
-1.957952 
-0.238305 
1.147662 
2.307854 
1.987543 
1.156400 
0.986019 
0.386088 
-0.720094 
-0.461619 
0.942951 
1.887081 
0.997366 
0.940612 
2.131484 
3.085627 
2.173865 
1.457037 
2.378377 
4.057750 
2.880992 
0.001714 
0.429258 
1.624622 
0.970370 
0.500157 
0.276220 
-0.056054 
-0.123132 
-0.141761 
0.592121 
0.467814 
0.542600 
0.932760 
2.118322 
1.941154 
1.262012 
1.410138 
0.169156 
0.655588 
-0.832647 
-2.170623 
-1.448067 
-0.802127 
-0.510292 
-1.250563 
-2.043552 
-3.640607 
-3.284744 
-2.019842 
-2.907445 
-3.099052 
-1.796834 
-1.548952 
-1.859765 
-1.376624 
-1.513077 
-2.510322 
-3.813035 
-4.422826 
-5.207693 
-4.173081 
-1.721821 
-1.951593 
-1.929223 
-0.439787 
1.228217 
1.563003 
1.118451 
1.017646 
2.183048 
4.463668 
2.903385 
1.582166 
0.450074 
0.565949 
1.273033 
-1.231497 
-1.299386 
-1.471046 
-0.734092 
0.157752 
0.956623 
-0.482257 
-2.460386 
-1.860984 
-0.083735 
1.431252 
0.930158 
1.224080 
2.068086 
1.605278 
1.642170 
0.604565 
-0.789466 
-1.002450 
-0.746260 
0.426764 
2.125572 
2.628204 
1.544970 
1.965025 
1.451001 
-0.324983 
-0.773015 
-1.540617 
-1.674916 
-1.340061 
-1.185062 
-0.884320 
-2.855287 
-3.090463 
-1.021303 
-0.734019 
-1.105086 
-2.782220 
-4.942191 
-5.282439 
-5.396544 
-3.155587 
-1.053193 
-1.847284 
-3.009806 
-0.880393 
1.346611 
1.067491 
0.788537 
1.179165 
1.856526 
0.418015 
-1.276712 
-0.846120 
-0.962538 
-2.568891 
-2.950741 
-0.661135 
2.888344 
3.757476 
1.585099 
-0.913477 
-2.799568 
-1.448405 
0.297441 
-0.221088 
-0.190489 
-0.409312 
-2.881103 
-3.625095 
-3.068124 
-0.539692 
-0.162632 
-1.383367 
-1.784614 
-1.006913 
-0.396053 
-0.069854 
-0.916963 
-2.320252 
-1.156406 
-0.682716 
-1.755291 
-2.970976 
-3.035207 
-1.630937 
-1.156585 
-0.570161 
-0.664074 
-0.700082 
-0.557482 
1.501855 
1.244348 
-0.448678 
-0.120599 
-0.231393 
-0.315744 
-0.574193 
-0.770582 
-0.779382 
-1.333483 
-2.041432 
-0.846884 
-0.511025 
-0.434501 
-0.432319 
0.269574 
0.905509 
0.984038 
-0.635255 
-3.753694 
-3.351642 
-1.225021 
-1.499736 
-0.418512 
-0.120727 
-2.789124 
-3.385274 
-2.804043 
-0.489209 
2.917872 
4.431217 
4.522859 
3.153992 
0.214059 
-1.093409 
-1.937845 
-2.319854 
-1.933245 
-1.583908 
-1.214328 
-1.493264 
-0.344040 
0.165050 
-1.659471 
-1.653628 
-0.308410 
0.694658 
0.281323 
0.583195 
0.675177 
0.504372 
-0.304742 
-1.076122 
0.486570 
0.489884 
-0.941776 
-0.006986 
-0.448894 
-1.289826 
1.000750 
0.106647 
-1.508456 
-0.955865 
0.150783 
1.525366 
1.843924 
0.952236 
-0.204576 
0.532350 
1.536433 
0.492211 
0.044553 
1.541384 
2.014824 
3.142419 
2.666987 
1.729589 
-0.197512 
-0.554372 
0.743489 
-0.301359 
-1.496356 
-1.826441 
-0.983706 
-1.795603 
-1.199762 
0.190817 
-0.288498 
-0.262156 
0.784999 
0.496674 
1.462130 
0.886232 
-0.660320 
-0.522403 
-0.664925 
0.240017 
0.895357 
0.938956 
1.775639 
1.550018 
2.205682 
2.942012 
2.568734 
2.845531 
1.766420 
0.684141 
-0.478957 
-2.981148 
-2.411156 
-1.266592 
0.204992 
1.448429 
2.384767 
1.403346 
-0.605917 
-0.447977 
1.142565 
1.281142 
1.265078 
2.285595 
1.007479 
-1.077548 
-0.904794 
-3.064145 
-5.867787 
-3.603568 
-1.783394 
-0.005145 
1.227517 
-0.977432 
-3.345441 
-2.857864 
-0.461973 
-1.184954 
-1.491198 
-0.614655 
-0.879193 
-2.429472 
-2.735884 
-1.965939 
-1.757722 
-1.616007 
-0.122473 
1.230960 
0.735893 
0.660286 
-0.091805 
-1.729753 
-1.674470 
-1.863488 
-1.586790 
-1.195311 
-2.720912 
-2.702518 
-1.689095 
-0.046199 
1.407327 
1.989948 
2.873739 
4.486189 
4.175254 
1.739994 
1.101173 
0.573920 
0.518755 
1.058948 
1.651367 
0.756583 
0.097610 
1.222702 
2.287883 
3.178737 
2.871122 
2.538649 
0.862155 
-0.715521 
-0.361713 
0.810613 
-0.290940 
-1.966953 
-0.379358 
0.363358 
-0.057403 
-0.019671 
0.887675 
0.655937 
-0.687422 
-1.375203 
-1.908718 
-1.885039 
-1.268461 
-0.999892 
-1.186995 
-0.728589 
-1.348732 
-1.350742 
-0.376469 
-0.211147 
0.611722 
2.599623 
2.700458 
0.805268 
0.384533 
0.757724 
-0.004088 
-1.254819 
-3.075119 
-3.755243 
-3.259477 
-1.493140 
1.024933 
1.386607 
-0.599796 
-3.190091 
-1.426730 
0.524499 
0.357926 
1.012162 
0.848925 
-0.362199 
-2.216748 
-5.029493 
-2.962273 
-0.520179 
0.436327 
1.414223 
0.265529 
-1.171474 
-1.206065 
-0.346858 
-0.478526 
-0.660327 
0.176330 
0.372809 
-0.074846 
0.612883 
1.265455 
-0.575517 
-3.265292 
-1.785273 
0.878715 
2.203621 
1.250756 
1.509293 
0.793379 
-0.817451 
-0.835923 
-0.694899 
-1.553650 
-2.398150 
-3.231060 
-1.985533 
-0.444997 
